Final Results of simulation: 
	Tw: 3.2572913340312932
	Tq: 3.275490218537574
	w_cpu: 7.9735733435465335
	q_cpu: 9.885867483722711
	w_disk: 11.10379165070854
	q_disk: 12.058598238222903
	w_net: 190.64458062045193
	q_net: 191.64458062045193
	Confidence level of q: [9.885867483722711-19.58525205727463, 9.885867483722711+19.58525205727463]
	Confidence level of Tq: [3.275490218537574-9.460173429389632, 3.275490218537574+9.460173429389632]