Final Results of simulation: 
	IO_Tw: 0.006550494595566319
	IO_Tq: 0.017313080977911295
	IO_Slowdown: 1.608635727775602	CPU_Tw: 0.5146133936141485
	CPU_Tq: 0.8247809668455381
	CPU_Slowdown: 2.6591463390347365	w: 1.625448028673835
	q: 2.5483870967741935